0 main started;
iw=9,ih=9,Nx=9,Hx=1,Mx=17
binomials...binomials finite differences...frequencies...atomic...
finish 
0,0,0.000586419,0.0676852,0.431749,0.431787,0.0676852,0.000586419,0,0,0,0,0,0,0,0,0,
0,0,0,0.000586419,0.0676852,0.431749,0.431787,0.0676852,0.000586419,0,0,0,0,0,0,0,0,
0,0,0,0,0.000586419,0.0676852,0.431749,0.431787,0.0676852,0.000586419,0,0,0,0,0,0,0,
0,0,0,0,0,0.000586419,0.0676852,0.431749,0.431787,0.0676852,0.000586419,0,0,0,0,0,0,
0,0,0,0,0,0,0.000586419,0.0676852,0.431749,0.431787,0.0676852,0.000586419,0,0,0,0,0,
0,0,0,0,0,0,0,0.000586419,0.0676852,0.431749,0.431787,0.0676852,0.000586419,0,0,0,0,
0,0,0,0,0,0,0,0,0.000586419,0.0676852,0.431749,0.431787,0.0676852,0.000586419,0,0,0,
0,0,0,0,0,0,0,0,0,0.000586419,0.0676852,0.431749,0.431787,0.0676852,0.000586419,0,0,
0,0,0,0,0,0,0,0,0,0,0.000586419,0.0676852,0.431749,0.431787,0.0676852,0.000586419,0,
1,-1.16672,1.29371,-1.37665,1.4127,-1.40065,1.3409,-1.23549,1.088,-0.903466,0.688163,-0.449425,0.195383,0.0653133,-0.323785,0.571231,-0.799224,
1,-1.40311,1.21689,-0.519565,-0.395987,1.14522,-1.41344,1.088,-0.305586,-0.605182,1.26176,-1.38839,0.931871,-0.0839547,-0.799224,1.34672,-1.32857,
1,-1.32857,0.12119,1.2263,-1.15607,-0.250681,1.36762,-0.903466,-0.605182,1.41418,-0.588257,-0.917748,1.36275,-0.232287,-1.16672,1.21689,0.139778,
1,-0.959626,-1.07598,0.874431,1.14522,-0.783754,-1.20728,0.688163,1.26176,-0.588257,-1.30834,0.484664,1.34672,-0.378032,-1.37665,0.26903,1.39795,
1,-5,10,-10,5,-1,0,0,0,0,0,0,0,0,0,0,0,
0,1,-5,10,-10,5,-1,0,0,0,0,0,0,0,0,0,0,
0,0,1,-5,10,-10,5,-1,0,0,0,0,0,0,0,0,0,
0,0,0,1,-5,10,-10,5,-1,0,0,0,0,0,0,0,0,
 max=10; min=0
3765 table upsx of coefficients done;
1,1,1,1,1,1,1,1,1,
1,1,1,1,1,1,1,1,1,
1,1,1,1,1,1,1,1,1,
1,1,1,1.59608,1.86667,1.35686,1,1,1,
1,1,1.16471,2,2,1.86667,1,1,1,
1,1,1.03529,1.85882,2,1.59608,1,1,1,
1,1,1,1.03529,1.16471,1,1,1,1,
1,1,1,1,1,1,1,1,1,
1,1,1,1,1,1,1,1,1,
0,0,0,0,0,0,0,0,0,
0,0,0,0,0,0,0,0,0,
0,0,0,0,0,0,0,0,0,
0,0,0,0,0,0,0,0,0,
0,0,0,0,0,0,0,0,0,
0,0,0,0,0,0,0,0,0,
0,0,0,0,0,0,0,0,0,
0,0,0,0,0,0,0,0,0,
3781 table idots of right parts done;
0.146039,0.627404,0.874611,0.976912,1.00298,1.00091,0.998199,1.00178,0.998005,1.00201,0.996891,1.00814,0.963075,1.19428,-0.00438,-0.00548777,-0.00701521,
0.146039,0.627404,0.874611,0.976912,1.00298,1.00091,0.998199,1.00178,0.998005,1.00201,0.996891,1.00814,0.963075,1.19428,-0.00438,-0.00548777,-0.00701521,
-0.680585,0.395091,0.865678,1.004,1.00631,0.992269,1.00497,1.01094,0.900098,1.56631,0.440808,1.58125,0.279476,2.48911,-4.44576,-3.07461,-2.7729,
-1.12772,-1.84083,-0.988935,0.204711,1.00129,1.14641,0.870128,0.88693,2.39574,1.74039,2.27468,-0.576637,2.71387,-1.19892,5.65595,1.4305,2.04578,
-0.996126,-2.98002,-2.01834,-0.253045,0.997037,1.23619,0.791813,0.814422,3.27765,0.639352,3.757,-1.81809,4.21126,-4.40981,17.7362,10.6775,9.04983,
-1.69448,-1.11594,-0.220054,0.56428,1.00641,1.07397,0.932814,0.947099,1.67922,2.34257,0.961007,0.810593,1.10202,1.62155,-3.38245,-4.17231,-3.02186,
0.146039,0.627404,0.874611,0.976912,1.00298,1.00091,0.998199,1.00178,0.998005,1.00201,0.996891,1.00814,0.963075,1.19428,-0.00438,-0.00548777,-0.00701521,
0.146039,0.627404,0.874611,0.976912,1.00298,1.00091,0.998199,1.00178,0.998005,1.00201,0.996891,1.00814,0.963075,1.19428,-0.00438,-0.00548777,-0.00701521,
0.146039,0.627404,0.874611,0.976912,1.00298,1.00091,0.998199,1.00178,0.998005,1.00201,0.996891,1.00814,0.963075,1.19428,-0.00438,-0.00548777,-0.00701521,
3937 table DDDY done;
-13.1013,-10.4014,-6.22135,-2.37136,0.0560371,0.685962,-0.138789,-1.35776,-1.19281,-0.220092,-4.39436,5.65648,-5.72755,7.11729,-12.3354,0.673396,-10.1108,
10.9834,10.5186,6.7893,2.8894,0.57361,0.257232,1.01623,0.587222,-4.63254,-2.41117,0.293648,1.65353,-0.728158,3.16256,-7.86864,-5.56677,0.792326,
12.7648,11.8951,7.73063,3.44209,0.849731,0.423272,1.28189,1.19425,-3.42154,-1.70134,1.64962,0.479879,1.05564,1.52621,-3.99863,-5.04338,3.07026,
6.19461,5.99899,4.15768,2.18735,0.971127,0.758586,1.16574,1.17507,-0.86453,-0.141093,1.48578,0.602025,1.25407,1.11956,-1.30376,-2.25051,1.72334,
0.24583,0.713591,0.928696,0.999601,1.00624,1.00002,1.00384,1.01206,0.990533,0.99728,1.02081,0.98767,0.990118,1.1722,0.0284493,-0.028394,0.0437963,
-1.08733,-0.465301,0.205174,0.727023,1.00522,1.04678,0.96076,0.958266,1.35244,1.2197,0.879835,1.10574,0.879445,1.23201,0.201352,0.436635,-0.384215,
1.21059,1.57051,1.45182,1.19155,0.999929,0.960389,1.02958,1.03734,0.686729,0.810309,1.09445,0.926366,1.03045,1.16517,-0.190854,-0.387893,0.315388,
1.17632,1.54164,1.43658,1.18889,1.00395,0.964741,1.03188,1.04359,0.715703,0.831431,1.1027,0.920921,1.04425,1.15616,-0.163109,-0.380566,0.310604,
-12.1322,-10.2189,-5.76939,-1.5115,1.01256,1.44606,0.617773,0.541963,4.41841,3.12361,-0.250929,2.06198,0.0146807,1.70773,1.6605,4.2339,-3.93865,
17.1705,10.944,6.07351,2.77183,1.03696,0.652293,1.18653,1.99373,2.21324,-2.39062,8.64042,-7.58298,10.5477,-13.064,38.2199,17.3907,26.039,
-25.009,-20.1762,-11.5988,-3.71163,0.975766,1.87845,0.336362,-0.385704,4.90187,4.47839,-4.0019,6.30174,-4.53107,7.48967,-10.4351,2.29959,-14.6302,
24.5683,22.6318,14.58,6.24237,1.0452,0.0117357,1.7621,2.51331,-3.92071,-1.33808,4.17553,-2.2622,4.06978,-0.768568,-3.83641,-11.5771,6.70283,
-28.7414,-25.0059,-15.0025,-5.12205,0.926118,2.11394,0.0946606,-0.797128,6.45447,3.91975,-3.20848,5.32733,-3.30453,4.4912,1.25683,11.5857,-9.66839,
55.3044,45.7634,27.8938,11.2432,1.26002,-0.706653,2.593,4.3095,-6.50588,-6.39821,12.9308,-11.375,14.3045,-14.1682,28.065,-2.17867,34.6499,
-190.52,-144.837,-83.3785,-30.6776,-0.180085,5.75525,-4.1435,-10.0613,18.9038,31.6837,-51.0455,55.2587,-59.5057,79.4022,-181.426,-47.8,-164.703,
-131.977,-90.4483,-49.0941,-17.4389,-0.0945197,3.23944,-2.22427,-6.36058,5.86794,26.8605,-45.0778,49.2432,-54.2719,78.6352,-203.658,-84.0344,-155.545,
-110.807,-81.8435,-46.4503,-16.9933,-0.128481,3.19914,-2.2449,-5.98438,8.16758,18.7938,-32.591,35.601,-38.6462,52.8603,-125.777,-39.6441,-106.149,
3937 table DDDX done;
1.03303,0.981146,1.01507,0.937498,0.812394,0.933326,0.75941,1.16017,0.912649,
0.981932,1.00762,0.992819,1.02405,1.06888,1.01945,1.09527,0.930406,1.05641,
1.0142,0.992743,1.00779,0.972299,0.930147,1.00609,0.879666,1.08638,0.963626,
0.956827,1.01617,0.982743,1.05532,1.38019,1.54295,1.10518,0.970189,1.06798,
0.770852,1.08941,0.896599,1.323,2.37528,2.15386,2.01599,0.462177,1.37328,
0.831564,1.06585,0.925254,1.23342,1.91861,1.59359,1.6805,0.753329,1.14394,
0.995381,1.0003,1.00084,1.00024,1.37683,1.95038,0.902641,0.999773,1.11773,
0.982318,1.00345,0.990256,1.01573,0.783312,0.326053,1.12268,0.975861,0.944462,
1.02936,1.00866,1.02404,0.989049,1.10877,1.43292,0.866026,1.08284,1.0386,
4000 table f1 done;
4046 main ended, work TIME = 4046
